4.9600 2.0956 3.9290 98.9423
4.8627 2.6431 4.0941 98.9644
4.7692 3.2328 3.8548 98.8796
4.6792 3.4458 3.4935 98.7417
4.5926 3.5679 3.3111 98.6486
4.5091 3.7569 3.1416 98.5507
4.4286 3.9269 2.8796 98.3927
4.3509 3.9804 2.5766 98.1756
4.2759 3.9296 2.3235 97.9462
4.2034 3.8343 2.1487 97.7455
4.1333 3.7346 2.0386 97.5874
4.0656 3.6471 1.9733 97.4690
4.0000 3.5763 1.9372 97.3820
3.9365 3.5219 1.9202 97.3179
3.8750 3.4822 1.9156 97.2701
3.8154 3.4551 1.9191 97.2335
3.7576 3.4390 1.9280 97.2048
3.7015 3.4320 1.9407 97.1817
3.6471 3.4329 1.9560 97.1626
3.5942 3.4408 1.9735 97.1468
3.5429 3.4549 1.9928 97.1339
3.4930 3.4748 2.0141 97.1240
3.4444 3.5005 2.0376 97.1173
3.3973 3.5326 2.0637 97.1144
3.3514 3.5724 2.0928 97.1155
3.3067 3.6220 2.1247 97.1203
3.2632 3.6847 2.1581 97.1268
3.2208 3.7639 2.1891 97.1301
3.1795 3.8613 2.2104 97.1211
3.1392 3.9731 2.2134 97.0891
3.1000 4.0897 2.1933 97.0271
3.0617 4.2009 2.1535 96.9372
3.0244 4.3036 2.1025 96.8279
2.9880 4.4022 2.0460 96.7047
2.9524 4.5027 1.9822 96.5627
2.9176 4.6070 1.9038 96.3851
2.8837 4.7093 1.8029 96.1474
2.8506 4.7980 1.6769 95.8240
2.8182 4.8614 1.5318 95.3965
2.7865 4.8935 1.3794 94.8590
2.7556 4.8958 1.2319 94.2179
2.7253 4.8746 1.0974 93.4880
2.6957 4.8377 0.9795 92.6873
2.6667 4.7914 0.8785 91.8337
2.6383 4.7406 0.7929 90.9432
2.6105 4.6883 0.7205 90.0287
2.5833 4.6366 0.6592 89.1009
2.5567 4.5866 0.6072 88.1680
2.5306 4.5388 0.5626 87.2363
2.5051 4.4936 0.5243 86.3106
2.4800 4.4509 0.4911 85.3945
2.4554 4.4109 0.4622 84.4906
2.4314 4.3733 0.4368 83.6011
2.4078 4.3380 0.4144 82.7272
2.3846 4.3049 0.3945 81.8701
2.3619 4.2739 0.3768 81.0302
2.3396 4.2447 0.3608 80.2079
2.3178 4.2173 0.3465 79.4034
2.2963 4.1916 0.3335 78.6166
2.2752 4.1673 0.3218 77.8474
2.2545 4.1444 0.3110 77.0955
2.2342 4.1228 0.3012 76.3604
2.2143 4.1024 0.2922 75.6418
2.1947 4.0832 0.2838 74.9390
2.1754 4.0649 0.2761 74.2515
2.1565 4.0477 0.2690 73.5787
2.1379 4.0313 0.2624 72.9199
2.1197 4.0158 0.2562 72.2745
2.1017 4.0011 0.2504 71.6416
2.0840 3.9871 0.2450 71.0206
2.0667 3.9738 0.2399 70.4107
2.0496 3.9612 0.2350 69.8112
2.0328 3.9492 0.2305 69.2211
2.0163 3.9378 0.2261 68.6397
2.0000 3.9269 0.2220 68.0661
1.9840 3.9166 0.2181 67.4995
1.9683 3.9068 0.2143 66.9389
1.9528 3.8974 0.2107 66.3833
1.9375 3.8884 0.2072 65.8319
1.9225 3.8799 0.2038 65.2835
1.9077 3.8718 0.2005 64.7371
1.8931 3.8641 0.1973 64.1915
1.8788 3.8567 0.1941 63.6454
1.8647 3.8497 0.1910 63.0974
1.8507 3.8430 0.1880 62.5461
1.8370 3.8366 0.1849 61.9896
1.8235 3.8306 0.1819 61.4259
1.8102 3.8248 0.1789 60.8527
1.7971 3.8193 0.1758 60.2671
1.7842 3.8140 0.1727 59.6654
1.7714 3.8090 0.1695 59.0428
1.7589 3.8043 0.1662 58.3928
1.7465 3.7998 0.1627 57.7052
1.7343 3.7955 0.1590 56.9633
1.7222 3.7914 0.1548 56.1336
1.7103 3.7875 0.1496 55.1175
1.6986 3.7793 0.1418 53.6241
1.6871 3.7715 0.1402 53.1742
1.6757 3.7653 0.1386 52.7138
1.6644 3.7598 0.1370 52.2488
1.6533 3.7548 0.1353 51.7800
1.6424 3.7501 0.1337 51.3074
1.6316 3.7457 0.1320 50.8305
1.6209 3.7416 0.1303 50.3488
1.6104 3.7377 0.1286 49.8615
1.6000 3.7340 0.1270 49.3679
1.5897 3.7305 0.1252 48.8671
1.5796 3.7272 0.1235 48.3581
1.5696 3.7240 0.1217 47.8399
1.5597 3.7210 0.1199 47.3113
1.5500 3.7182 0.1181 46.7709
1.5404 3.7155 0.1162 46.2175
1.5309 3.7129 0.1143 45.6495
1.5215 3.7105 0.1123 45.0651
1.5122 3.7081 0.1103 44.4624
1.5030 3.7059 0.1082 43.8391
1.4940 3.7039 0.1060 43.1928
1.4850 3.7019 0.1038 42.5205
1.4762 3.7000 0.1014 41.8188
1.4675 3.6983 0.0990 41.0838
1.4588 3.6966 0.0964 40.3107
1.4503 3.6951 0.0938 39.4938
1.4419 3.6936 0.0909 38.6259
1.4335 3.6923 0.0879 37.6982
1.4253 3.6910 0.0847 36.6994
1.4171 3.6898 0.0813 35.6142
1.4091 3.6887 0.0776 34.4222
1.4011 3.6876 0.0735 33.0938
1.3933 3.6867 0.0690 31.5843
1.3855 3.6858 0.0639 29.8193
1.3778 3.6850 0.0578 27.6578
1.3702 3.6843 0.0500 24.7574
1.3626 3.6834 0.0208 11.9975
1.3552 3.6651 0.0284 15.6161
1.3478 3.6558 0.0280 15.3574
1.3405 3.6487 0.0276 15.0974
1.3333 3.6426 0.0272 14.8399
1.3262 3.6371 0.0268 14.5863
1.3191 3.6321 0.0264 14.3372
1.3122 3.6275 0.0260 14.0927
1.3053 3.6232 0.0257 13.8530
1.2984 3.6191 0.0253 13.6182
1.2917 3.6152 0.0249 13.3882
1.2850 3.6115 0.0246 13.1630
1.2784 3.6079 0.0242 12.9426
1.2718 3.6044 0.0239 12.7268
1.2653 3.6011 0.0236 12.5157
1.2589 3.5979 0.0232 12.3090
1.2525 3.5948 0.0229 12.1068
1.2462 3.5918 0.0226 11.9088
1.2400 3.5889 0.0223 11.7151
1.2338 3.5861 0.0220 11.5255
1.2277 3.5833 0.0217 11.3400
1.2217 3.5807 0.0214 11.1584
1.2157 3.5781 0.0211 10.9807
1.2098 3.5755 0.0209 10.8067
1.2039 3.5730 0.0206 10.6364
1.1981 3.5706 0.0203 10.4697
1.1923 3.5682 0.0201 10.3065
1.1866 3.5659 0.0198 10.1467
1.1810 3.5636 0.0196 9.9903
1.1754 3.5614 0.0193 9.8371
1.1698 3.5592 0.0191 9.6871
1.1643 3.5571 0.0189 9.5401
1.1589 3.5550 0.0186 9.3962
1.1535 3.5530 0.0184 9.2553
1.1481 3.5510 0.0182 9.1172
1.1429 3.5490 0.0180 8.9820
1.1376 3.5471 0.0178 8.8495
1.1324 3.5452 0.0176 8.7197
1.1273 3.5434 0.0174 8.5925
1.1222 3.5415 0.0172 8.4678
1.1171 3.5398 0.0170 8.3456
1.1121 3.5380 0.0168 8.2259
1.1071 3.5363 0.0166 8.1085
1.1022 3.5346 0.0164 7.9934
1.0973 3.5329 0.0162 7.8806
1.0925 3.5313 0.0161 7.7700
1.0877 3.5297 0.0159 7.6616
1.0830 3.5281 0.0157 7.5552
1.0783 3.5265 0.0156 7.4509
1.0736 3.5250 0.0154 7.3486
1.0690 3.5235 0.0152 7.2483
1.0644 3.5220 0.0151 7.1499
1.0598 3.5206 0.0149 7.0533
1.0553 3.5191 0.0148 6.9586
1.0508 3.5177 0.0146 6.8656
1.0464 3.5163 0.0145 6.7744
1.0420 3.5149 0.0143 6.6849
1.0377 3.5136 0.0142 6.5970
1.0333 3.5123 0.0140 6.5108
1.0290 3.5110 0.0139 6.4262
1.0248 3.5097 0.0138 6.3431
1.0206 3.5084 0.0136 6.2615
1.0164 3.5072 0.0135 6.1814
1.0122 3.5059 0.0134 6.1027
1.0081 3.5047 0.0132 6.0255
1.0040 3.5035 0.0131 5.9496
1.0000 3.5023 0.0130 5.8751
0.9960 3.5012 0.0129 5.8019
0.9920 3.5000 0.0128 5.7300
0.9880 3.4989 0.0126 5.6594
0.9841 3.4978 0.0125 5.5900
0.9802 3.4967 0.0124 5.5218
0.9764 3.4956 0.0123 5.4548
0.9725 3.4945 0.0122 5.3890
0.9688 3.4934 0.0121 5.3243
0.9650 3.4924 0.0120 5.2607
0.9612 3.4914 0.0119 5.1981
0.9575 3.4904 0.0118 5.1367
0.9538 3.4894 0.0117 5.0763
0.9502 3.4884 0.0116 5.0169
0.9466 3.4874 0.0115 4.9584
0.9430 3.4864 0.0114 4.9010
0.9394 3.4855 0.0113 4.8445
0.9358 3.4845 0.0112 4.7890
0.9323 3.4836 0.0111 4.7343
0.9288 3.4827 0.0110 4.6806
0.9254 3.4818 0.0109 4.6277
0.9219 3.4809 0.0108 4.5757
0.9185 3.4800 0.0107 4.5245
0.9151 3.4791 0.0107 4.4742
0.9118 3.4783 0.0106 4.4247
0.9084 3.4774 0.0105 4.3759
0.9051 3.4766 0.0104 4.3279
0.9018 3.4758 0.0103 4.2807
0.8986 3.4749 0.0103 4.2342
0.8953 3.4741 0.0102 4.1885
0.8921 3.4733 0.0101 4.1435
0.8889 3.4725 0.0100 4.0991
0.8857 3.4718 0.0099 4.0555
0.8826 3.4710 0.0099 4.0125
0.8794 3.4702 0.0098 3.9702
0.8763 3.4695 0.0097 3.9285
0.8732 3.4687 0.0096 3.8875
0.8702 3.4680 0.0096 3.8471
0.8671 3.4672 0.0095 3.8073
0.8641 3.4665 0.0094 3.7681
0.8611 3.4658 0.0094 3.7295
0.8581 3.4651 0.0093 3.6914
0.8552 3.4644 0.0092 3.6539
0.8522 3.4637 0.0092 3.6170
0.8493 3.4630 0.0091 3.5806
0.8464 3.4624 0.0090 3.5448
0.8435 3.4617 0.0090 3.5095
0.8407 3.4610 0.0089 3.4746
0.8378 3.4604 0.0089 3.4403
0.8350 3.4597 0.0088 3.4065
0.8322 3.4591 0.0087 3.3732
0.8294 3.4585 0.0087 3.3403
0.8267 3.4578 0.0086 3.3079
0.8239 3.4572 0.0086 3.2760
0.8212 3.4566 0.0085 3.2445
0.8185 3.4560 0.0085 3.2135
0.8158 3.4554 0.0084 3.1829
0.8131 3.4548 0.0083 3.1527
0.8105 3.4542 0.0083 3.1229
0.8078 3.4536 0.0082 3.0936
0.8052 3.4531 0.0082 3.0646
0.8026 3.4525 0.0081 3.0361
0.8000 3.4519 0.0081 3.0079
0.7974 3.4514 0.0080 2.9801
0.7949 3.4508 0.0080 2.9527
0.7923 3.4503 0.0079 2.9257
0.7898 3.4497 0.0079 2.8990
0.7873 3.4492 0.0078 2.8727
0.7848 3.4487 0.0078 2.8468
0.7823 3.4481 0.0077 2.8211
0.7799 3.4476 0.0077 2.7959
0.7774 3.4471 0.0076 2.7709
0.7750 3.4466 0.0076 2.7463
0.7726 3.4461 0.0075 2.7220
0.7702 3.4456 0.0075 2.6980
0.7678 3.4451 0.0075 2.6744
0.7654 3.4446 0.0074 2.6510
0.7631 3.4441 0.0074 2.6279
0.7607 3.4436 0.0073 2.6052
0.7584 3.4432 0.0073 2.5827
0.7561 3.4427 0.0072 2.5605
0.7538 3.4422 0.0072 2.5386
0.7515 3.4417 0.0072 2.5170
0.7492 3.4413 0.0071 2.4956
0.7470 3.4408 0.0071 2.4745
0.7447 3.4404 0.0070 2.4537
0.7425 3.4399 0.0070 2.4331
0.7403 3.4395 0.0070 2.4128
0.7381 3.4391 0.0069 2.3927
0.7359 3.4386 0.0069 2.3729
0.7337 3.4382 0.0068 2.3533
0.7316 3.4378 0.0068 2.3340
0.7294 3.4373 0.0068 2.3149
0.7273 3.4369 0.0067 2.2960
0.7251 3.4365 0.0067 2.2774
0.7230 3.4361 0.0067 2.2590
0.7209 3.4357 0.0066 2.2408
0.7188 3.4353 0.0066 2.2228
0.7168 3.4349 0.0066 2.2050
0.7147 3.4345 0.0065 2.1875
0.7126 3.4341 0.0065 2.1701
0.7106 3.4337 0.0065 2.1530
0.7086 3.4333 0.0064 2.1360
0.7066 3.4329 0.0064 2.1193
0.7045 3.4326 0.0064 2.1027
0.7025 3.4322 0.0063 2.0863
0.7006 3.4318 0.0063 2.0702
0.6986 3.4314 0.0063 2.0542
0.6966 3.4311 0.0062 2.0384
0.6947 3.4307 0.0062 2.0228
0.6927 3.4303 0.0062 2.0073
0.6908 3.4300 0.0061 1.9921
0.6889 3.4296 0.0061 1.9770
0.6870 3.4293 0.0061 1.9620
0.6851 3.4289 0.0060 1.9473
0.6832 3.4286 0.0060 1.9327
0.6813 3.4282 0.0060 1.9182
0.6795 3.4279 0.0060 1.9040
0.6776 3.4276 0.0059 1.8899
0.6757 3.4272 0.0059 1.8759
0.6739 3.4269 0.0059 1.8621
0.6721 3.4266 0.0058 1.8484
0.6703 3.4262 0.0058 1.8349
0.6685 3.4259 0.0058 1.8216
0.6667 3.4256 0.0058 1.8084
0.6649 3.4253 0.0057 1.7953
0.6631 3.4250 0.0057 1.7824
0.6613 3.4246 0.0057 1.7696
0.6596 3.4243 0.0056 1.7569
0.6578 3.4240 0.0056 1.7444
0.6561 3.4237 0.0056 1.7320
0.6544 3.4234 0.0056 1.7198
0.6526 3.4231 0.0055 1.7076
0.6509 3.4228 0.0055 1.6957
0.6492 3.4225 0.0055 1.6838
0.6475 3.4222 0.0055 1.6720
0.6458 3.4219 0.0054 1.6604
0.6442 3.4216 0.0054 1.6489
0.6425 3.4214 0.0054 1.6375
0.6408 3.4211 0.0054 1.6263
0.6392 3.4208 0.0054 1.6151
0.6375 3.4205 0.0053 1.6041
0.6359 3.4202 0.0053 1.5931
0.6343 3.4199 0.0053 1.5823
0.6327 3.4197 0.0053 1.5716
0.6310 3.4194 0.0052 1.5610
0.6294 3.4191 0.0052 1.5505
0.6278 3.4189 0.0052 1.5402
0.6263 3.4186 0.0052 1.5299
0.6247 3.4183 0.0051 1.5197
0.6231 3.4181 0.0051 1.5096
0.6216 3.4178 0.0051 1.4996
0.6200 3.4176 0.0051 1.4898
